1001534
1001542
1001582
1001585
1002672
1002804
1002809
1003195
1003201
1003202
100379
1004951
1004952
1005041
1005042
1005048
1005057
1005058
1005090
1006007
1006543
1006551
1007064
1007105
1008297
1008459
100901
1009464
1010840
101510
1016998
1017264
102608
1027843
1027844
1027845
1027846
1028307
1028799
1029718
1029825
1030009
1030843
1031709
1031710
1031711
1032480
1032845
1033813
1033837
1034836
1035377
1035817
1036672
1036673
1036743
103690
1037409
1037911
1041504
1041809
1041826
1042156
1042403
1042876
1042878
1045854
1045855
1045856
1045858
1046624
1046629
1048245
1048332
1048689
1048834
1049565
1051072
1051074
1051632
1052585
1052588
1052684
1053648
1054460
1055527
1055528
1055529
1055530
105559
106370
1064539
1069533
1069534
1071759
1071762
1071763
1072459
1074252
1074485
1074889
1075089
1075106
1075399
107806
1080228
1080229
1080230
1081093
1081094
1081095
1081646
1082931
1085623
1087451
1087452
1087453
1087454
1088720
1089446
1089456
1090974
1091045
1091500
1091501
1093787
1094466
1094508
1095774
1097668
1097669
1104320
1104321
1104322
1104326
1105094
1105095
1105096
1105097
1105098
1105099
1105100
1105101
1105102
1105103
1105104
1105105
1105107
1105108
1105109
1105110
1105111
1105112
1105113
1105114
110662
1107880
1110502
1110693
1111068
1111069
1111676
1112204
1112856
1112912
1114958
1114965
1114966
1114967
1114969
1114970
1116231
1116375
1116391
1117942
1117943
1118959
1123519
1123523
1123863
1125630
1126011
1126211
1127122
1127134
1127744
1129369
1130804
1132496
1132507
1133850
1138308
1138382
1138383
1140
1142394
1142511
1144275
114615
1146883
1148
1151116
1155084
1155096
1155766
1155777
115711
115713
1157951
1159197
1159198
1159199
1159200
1159201
1159202
1159203
1159204
1160717
1161911
1162668
1163389
1163399
1163739
1163740
1163741
1163742
1163743
1163745
1163748
1168287
1168290
1168865
1172562
1185652
1186051
1187956
1191061
1191523
1196325
1196835
1197325
1198114
1198627
1198676
1199245
1202536
1202537
1202538
1202539
1202540
1206105
1206109
1206745
1207470
1211025
1211776
1212765
1217737
1218175
1220533
122586
122587
123214
126740
128975
129861
129862
134287
134676
137722
138119
138677
139870
139872
146891
150340
1511
153948
155864
156889
157239
1580
158189
158190
158878
158879
159087
160488
160490
160491
160492
163164
164546
164756
164757
167539
167542
167546
167555
167879
169963
170187
171101
1718
176279
176280
176299
177416
177437
177439
182082
182217
182337
183190
186103
187272
187303
187410
189423
189518
189918
1902
190304
190485
190486
190650
192222
193567
194439
194701
195099
195102
195103
196162
196164
196600
196620
196627
197221
198094
198214
198215
198466
198538
198539
198540
198541
198542
198543
198628
198804
199310
203119
203120
203122
203123
203124
203267
203275
203907
204536
204669
204722
204773
205913
205914
205918
205920
205921
205922
206672
207559
208435
208596
208963
208964
209261
210007
2110
211110
211586
212042
212717
213810
214092
215689
216389
216432
216591
216592
216594
216595
216596
216597
216599
216895
218491
218493
218494
218495
218496
218497
220341
220664
220668
221109
221988
222523
222891
223283
223926
224308
224324
224326
224911
224914
224915
225725
225726
225849
225937
225979
226185
226186
226900
227377
227882
227941
228400
228405
228410
229193
229343
229344
229345
229346
231023
232721
233412
233413
234267
234621
234826
234831
235279
235909
240015
240292
242231
242619
243090
243159
243160
243161
243164
243230
243231
243233
243243
243265
243272
243273
243274
243275
243276
243277
243365
245012
245014
245018
246194
246195
246196
246197
246200
247156
251221
254945
255470
256701
257309
257311
257314
257363
258594
259536
260799
261292
261317
261594
262316
262543
262698
262719
262722
262723
262724
262727
262728
262768
263358
264198
264199
264201
264202
264203
264462
264730
264731
264732
265072
265311
265669
266117
266264
266265
266779
266834
266835
266940
267608
267671
267747
267748
269084
269482
269483
269484
269796
269798
269799
269800
271065
271848
272558
272559
272560
272561
272562
272563
272564
272568
272620
272621
272622
272623
272624
272626
272630
272631
272632
272633
272634
272635
272831
272843
272942
272943
272944
272947
273036
273068
273119
273121
273123
278137
278197
279010
279238
279808
281090
281309
281310
282458
282459
283165
283942
286636
288000
288681
288705
289376
289380
289397
290315
290317
290318
290338
290339
290340
290397
290398
290399
290400
290402
290434
290512
290633
290847
291112
291272
291331
292414
292415
292459
292805
293613
293614
293653
293711
293712
293713
293826
295319
295358
295405
296591
297245
297246
298653
298654
299768
300267
300268
300269
300852
302409
305
306263
306537
308465
309798
309799
309801
309803
309807
311402
311403
311424
312153
312309
313596
313603
314225
314260
314275
314315
314565
314723
314724
315277
315456
315730
315749
315750
316055
316056
316057
316058
316067
316274
316275
316278
316279
316385
316401
316407
317025
317655
318161
318167
318586
319224
319225
31964
319701
319710
319711
319712
319713
319795
320371
320372
320373
320388
320389
320483
32049
32051
321314
321327
321332
321956
321967
322098
322159
322710
323097
323098
323261
323848
323850
324057
324602
324831
324925
325240
326297
326298
326423
326424
326426
326427
326442
329726
330214
331104
331111
331112
331113
331271
331272
331635
331636
331678
333849
334380
334390
334406
334413
335283
335284
335541
335543
335659
335992
336407
336982
338187
338565
338963
338966
338969
339670
339671
340
340047
340054
340099
340177
340322
342108
342109
342451
342610
343509
344609
345073
345219
347253
347255
347256
347495
347834
349101
349102
349106
349124
349161
349163
349519
349520
349521
349741
349746
349747
350054
350058
350688
351348
351605
351607
351627
351745
351746
353496
354242
355276
355277
355278
357244
357347
357348
357544
357804
357808
357809
358681
359391
359786
359787
360094
360095
360102
360104
360105
360106
360107
360109
360115
360910
360911
361100
362242
362663
362948
363253
364106
364251
364252
364253
364254
365044
365046
365659
366394
366602
367459
367737
367928
36809
36870
369723
370438
370551
370552
370553
370554
370556
370557
370558
370559
370560
370561
370562
370563
370564
370565
370566
370567
370568
370569
372461
373153
373384
373903
374463
374833
374930
374931
375286
375451
376619
376686
37692
377628
377629
378753
378806
379066
379731
38018
380358
380394
380703
380749
381666
381754
381764
382245
382638
382640
38323
383372
383407
383629
384676
386043
386415
386585
386656
387092
387093
387344
387662
388396
388919
390235
390236
390333
390874
391008
391009
391037
391038
391165
391295
391296
391595
391619
391735
391774
391896
391904
392021
392499
392500
393011
393115
393126
393127
393130
393133
393305
393480
393595
394
394221
394503
395019
395491
395492
395494
395495
395960
395961
395962
395963
395965
396513
396588
396595
397945
398511
398527
398577
398578
398579
398580
398767
399599
399726
399739
399741
399742
399804
40041
400667
400668
400673
401053
401473
401614
402612
402626
402881
402882
403833
404380
404589
405416
405440
405441
405531
405532
405534
405535
405566
405948
405955
406425
406817
406818
406984
407148
407976
409026
409438
410289
411154
412022
412418
412419
412694
412965
413404
413997
413999
41431
414684
41514
416269
416276
416591
416870
417289
417290
418127
418136
419610
419947
420246
420662
420889
420890
423211
423212
423368
425104
426114
426117
426355
426430
428406
429009
430066
430512
430513
430514
430515
431943
431946
431947
434131
434271
434922
434923
434924
435590
435591
436113
436114
436717
438753
439235
439292
439375
439843
439851
439855
43989
440085
441620
441768
441770
441771
441772
441952
442563
443143
443144
443149
443150
443218
443254
443255
443906
444177
444178
444179
444450
444612
445932
445985
446462
446465
446466
446468
446469
446470
446471
447217
448385
449216
449447
450851
451515
451516
45202
452471
452637
452638
452652
452659
452662
452863
45361
454166
454169
455434
455488
455631
455632
456327
456481
457570
458233
458234
458817
459349
460265
465515
467705
469008
469371
469378
469383
470
470137
471223
471472
471473
471821
471852
471853
471854
471855
471856
471857
471876
472759
472964
472965
472966
474186
476213
477641
477974
478433
478434
478435
478801
479431
479432
479433
479434
479435
479436
479437
479831
479832
479833
479834
480119
480224
481009
481448
481743
481805
483179
483219
484019
484020
484021
484022
485915
485916
485917
485918
486410
487213
487214
487215
487521
488221
488222
488223
488339
488538
489653
491077
491078
491079
491080
491081
491915
491916
491952
496833
497965
497978
498211
498213
498214
498216
498217
498761
499174
499175
499176
499229
502025
502346
502558
502800
502801
504472
504474
504728
504832
505682
507522
508765
508767
509190
509193
510831
511051
511062
511145
511437
511691
511995
512562
512564
512565
512566
515618
515619
515620
515621
515622
515635
516950
517417
517418
518
518766
519441
520
521006
521007
521008
521010
521045
521095
521096
521097
521098
521460
521674
522306
522373
522772
523791
523794
523796
525146
525284
525381
525897
525898
525903
525904
525909
525919
526218
526222
526224
526225
526226
526227
526967
526968
526969
526970
526971
526972
526973
526974
526975
526976
526977
526978
526979
526980
526981
526982
526983
526984
526985
526986
526987
526988
526989
526990
526991
526992
526993
526994
526997
526998
526999
527000
527019
527020
527021
527022
527023
527024
527025
527026
527027
527028
527029
527030
527031
527032
530564
531844
535024
535025
535026
535289
536019
536056
536230
536232
537021
537457
537970
541229
543728
543734
544404
544556
545693
545694
545695
545776
546269
546271
546272
546342
546414
547048
548473
548476
548479
550537
550538
550540
550542
551115
55197
552526
552531
552536
552811
553174
553190
553199
553482
554290
555079
555217
555778
555970
557433
557436
557598
557599
557600
557722
557723
557760
561229
561230
561231
561275
561276
561304
561501
562019
562970
563040
563041
563174
563178
563774
564066
56426
565034
565040
565042
565050
565575
566546
567106
56780
568206
568703
568704
568706
568708
568813
568814
568815
568816
568819
570417
570508
572264
572265
572418
572477
572479
572480
572544
572547
573059
573061
573062
573065
573234
573235
573236
573370
573413
573569
573825
574087
574093
574521
574556
575540
575788
577650
579112
579138
579405
580047
580049
580050
580327
580331
580332
580340
581103
582402
582744
582899
583345
583346
583355
583358
584
584721
585034
585035
585054
585055
585056
585057
585394
585395
585396
585397
585535
585538
58620
588858
589865
590168
590409
590998
591001
591020
591167
591365
592021
592022
592205
592316
593588
59374
593907
595494
595495
595496
595499
595537
596153
596154
59748
598659
59919
59920
59922
600809
604162
60480
60481
608506
608538
610130
622759
626418
627192
627344
62928
62977
630588
630626
63186
632292
632335
632348
632516
632518
632772
633145
633147
633149
633699
634176
634177
634452
634453
634454
634455
634456
634457
634458
634459
634464
634503
634504
634956
635013
63737
637380
637381
637382
637385
637386
637387
637887
637905
637909
637910
637913
638303
639282
639283
640081
640131
640132
640510
640511
640512
640513
641491
641892
642492
643561
643562
643648
643867
644042
644282
644283
644284
644651
64471
644966
645127
645462
645463
645464
645657
645991
646529
648757
648996
648999
649349
649638
649639
650150
651822
652103
652616
652620
653045
653733
65393
653938
655815
655816
655817
656024
656519
657308
657309
657310
657313
657314
657315
657316
657317
657318
657319
657321
657322
657323
657324
658172
660470
660596
66084
661367
661410
662598
662755
662945
662946
662947
663278
663886
663887
663913
663914
663915
663916
663917
663918
663951
663954
663958
665029
665571
666681
666714
66692
667014
667015
668336
668993
670487
671143
672161
675635
676032
679896
679897
679935
679936
680198
680646
681288
681645
682795
683082
683083
683837
684738
684950
685038
685039
685727
688245
688269
688270
690566
690850
691437
692420
693216
693745
693746
693970
693973
693974
693977
693978
693979
693982
694427
694569
695560
695562
696127
696281
696406
696747
696749
697281
697303
697329
698737
698936
698962
698963
698964
698965
698966
698967
698968
698969
698970
698971
698972
698973
699032
699033
699034
699035
699036
699037
699246
700015
700598
701177
701347
701521
702113
702459
703339
703352
703613
706191
706194
706587
707183
707184
707185
707186
707187
707235
707241
707783
708248
708616
709032
709986
709991
710127
710128
710421
710685
710696
712898
712938
712961
713600
713601
713602
713603
713604
713887
71421
714313
714359
714962
715451
716540
716541
716544
717231
717522
717608
717773
717774
717785
717959
717960
717961
717962
718219
718251
718252
718254
718255
718271
720554
720555
722438
722911
74109
741091
741093
742013
742729
743299
743525
743718
743720
743721
743722
743965
743973
744872
745277
74546
74547
745776
746361
746697
748247
748280
748671
748727
749219
749222
749414
749927
751585
75379
754252
754476
754477
754507
755731
755732
756272
756499
757424
757425
758678
759350
759362
759363
759364
759914
760011
760142
760154
760192
760568
76114
761193
761659
762051
762376
762550
762570
762633
762903
762948
765698
765874
765911
765952
765962
765963
765964
766747
767029
767031
767434
767455
767462
767463
767465
768066
768486
768490
768492
768493
768494
768670
76869
768700
768704
768706
771875
78245
788929
794851
795359
798128
798300
79967
813
83331
83332
83406
84588
85643
856793
857087
858215
858619
859194
85962
85963
859654
859656
859657
860228
861208
862719
862751
862908
862962
862964
862965
863638
865867
865938
866344
866345
866346
866536
866628
866629
866630
866768
866775
866777
866895
867900
867902
868595
868597
868864
869209
869210
869211
869212
869215
869216
869269
869303
869304
869306
869307
869311
869312
869727
869729
869816
871271
871585
872331
875328
879243
880070
880071
880072
880447
880591
881621
882
882102
882378
883
883062
885275
885276
886377
886882
887061
887712
889378
889513
889738
889932
889933
890041
890402
891391
891398
891968
903503
903510
903814
906968
907237
907238
907239
907240
907287
909420
909946
909952
909954
910348
911045
914127
914149
91891
926550
926562
926566
926569
926570
927666
927704
929102
929506
929556
929557
929562
930170
930171
93059
93060
93061
93062
930944
931281
931626
932677
933093
935297
935298
935588
935589
935591
935593
935599
935697
935897
936139
936153
936154
936155
936156
936157
937773
937774
940190
940296
941193
94122
941638
941639
941640
941967
941968
942513
943945
944546
944547
945021
945704
945711
945712
945713
94624
953739
956483
96561
96563
979556
979982
980514
981222
981368
981539
981540
983544
983545
983548
983917
984129
984262
984892
985002
985006
985080
985081
985665
990282
990288
990315
990317
991791
991905
992406
99287
993512
994476
994484
996285
996634
997761
998088
998820
999378
999541
999891
